lastAccountName: TonySurTwitch
timestamps:
  login: 1636231773756
  logout: 1636231900125
ipAddress: 192.168.24.43
logoutlocation:
  world: world
  x: 233.87105179750623
  y: 63.0
  z: 62.80375660251411
  yaw: 149.23792
  pitch: 11.195996
